이름 통솔 무력 지력
가규	78	61	84
가범	60	62	73
가충	54	31	89
가화	49	65	41
가후	86	48	97
간옹	20	32	74
감녕	86	94	76
감택	43	49	83
강유	90	89	90
건석	16	7	78
견씨	15	4	71
견초	72	69	73
견홍	70	74	66
계옹	63	52	41
고간	74	56	48
고담	33	23	70
고당융	35	24	76
고람	76	82	66
고상	68	68	52
고순	85	86	55
고승	67	73	41
고옹	43	18	80
고유	57	43	71
고정	55	63	43
고패	66	61	69
공도	59	70	23
공손강	72	66	61
공손공	39	17	68
공손도	67	71	63
공손범	73	69	64
공손속	63	68	54
공손연	65	70	56
공손월	74	72	47
공손찬	84	83	70
공융	30	5	72
공주	26	16	68
공지	43	53	61
곽가	51	15	98
곽도	52	50	82
곽마	68	71	47
곽사	64	76	13
곽원	66	73	36
곽유지	13	9	68
곽익	73	69	69
곽준	80	66	73
곽혁	21	29	70
곽회	87	78	81
관구검	78	74	52
관구수	58	62	33
관구전	63	60	69
관색	74	88	52
관우	95	97	75
관이	50	62	44
관정	36	52	72
관통	63	60	61
관평	77	82	68
관해	70	82	10
관흥	76	86	62
괴량	68	33	88
괴월	47	27	82
교모	54	45	69
교수	64	69	38
교현	12	6	66
구건	39	52	65
구본	50	41	67
구성	55	70	38
국연	50	19	71
국의	82	78	51
극정	10	4	63
금선	52	68	13
금의	17	38	64
금환삼결	64	76	19
기령	78	83	51
나헌	85	71	75
낙통	76	58	75
냉포	71	82	68
녕수	67	69	72
노숙	80	56	92
노숙	71	53	74
노식	86	63	82
뇌동	69	78	51
뇌박	62	70	36
누규	52	13	87
누현	23	22	67
능조	75	81	42
능통	77	89	55
단경	71	68	43
담웅	58	73	14
당균	33	24	77
당빈	67	74	59
당자	61	71	50
대교	17	11	72
대래동주	51	53	53
대릉	70	75	39
도겸	51	27	63
도준	65	66	46
동궐	65	59	76
동도나	68	73	31
동민	49	60	25
동소	19	25	80
동습	72	85	50
동승	56	53	65
동윤	47	28	78
동조	17	13	56
동탁	74	87	69
동화	57	34	74
두기	66	32	74
두예	85	30	85
등무	61	75	29
등수	44	32	31
등애	94	87	89
등윤	29	41	71
등지	73	52	81
등충	72	85	69
등현	61	73	45
마균	2	7	60
마대	81	85	56
마등	82	80	51
마량	46	23	85
마막	19	12	7
마속	61	67	87
마완	71	74	16
마운	78	88	53
마준	38	52	31
마철	70	62	56
마초	88	97	44
마충	78	72	68
마충	67	77	64
마휴	68	73	48
만욱	21	25	71
만총	84	64	82
망아장	45	79	3
맹달	75	73	74
맹우	50	68	22
맹종	47	28	72
맹획	76	87	42
모개	63	39	59
목록대왕	65	71	39
목순	52	77	11
무안국	67	83	34
문빙	86	82	66
문앙	76	91	60
문추	78	94	25
문호	66	72	45
문흠	74	83	43
미방	54	61	32
미씨	12	6	66
미축	33	29	77
반봉	56	77	4
반장	76	80	70
반준	61	18	67
방덕	80	94	70
방열	68	80	44
방통	78	34	97
방회	69	75	49
방희	60	38	68
배수	8	9	70
배원소	49	65	25
번건	41	24	71
번능	69	61	36
번씨	23	22	72
번주	66	73	31
법정	82	47	94
변씨	36	24	74
변희	56	70	59
보즐	72	51	84
보천	71	60	71
보협	71	49	69
복양흥	37	32	70
봉기	27	21	84
부동	66	72	46
부사인	46	63	37
부손	14	13	69
부첨	73	85	72
부하	44	35	81
비시	15	28	64
비연	60	66	21
비요	70	66	73
비의	77	30	83
사마가	60	84	25
사마랑	20	21	71
사마망	73	58	78
사마부	70	37	76
사마사	80	64	88
사마소	76	57	87
사마염	69	59	76
사마유	71	68	75
사마의	98	63	96
사마주	61	52	61
사정	64	76	34
사찬	60	72	54
서막	55	32	67
서서	84	64	93
서성	87	81	78
서씨	41	16	80
서영	80	76	57
서질	68	83	24
서황	88	90	74
석포	69	71	56
설영	49	18	64
설종	34	16	72
설후	17	15	68
성공영	73	71	80
성만	61	68	66
성의	74	72	41
소교	16	12	73
소비	69	63	66
소유	50	59	49
소제	21	15	72
손건	34	33	78
손견	93	90	74
손관	72	78	51
손광	52	46	44
손교	77	72	66
손권	76	67	80
손기	60	67	51
손노반	26	28	72
손등	62	37	79
손랑	34	43	30
손량	21	7	70
손례	78	81	62
손상향	72	86	67
손소	80	79	75
손수	55	51	53
손씨	23	22	62
손유	77	70	68
손이	69	71	55
손익	67	78	27
손정	66	53	72
손준	64	70	65
손중	62	71	36
손진	67	70	48
손책	92	92	69
손침	25	39	65
손호	13	28	31
손화	31	39	68
손환	82	73	72
손휴	57	39	78
손흠	66	69	35
송겸	66	78	42
송헌	68	77	38
순심	19	25	77
순우경	72	66	29
순욱	52	14	95
순욱	8	19	77
순유	73	26	94
순의	16	13	70
시삭	38	65	47
신비	39	24	78
신의	55	59	59
신창	50	26	42
신탐	56	62	52
신평	69	43	76
신헌영	42	28	84
심배	84	60	83
심영	70	77	61
아회남	65	74	26
악진	80	84	52
악취	53	66	58
악침	73	75	43
악환	60	82	42
안량	79	93	42
양강	60	69	41
양백	44	45	19
양봉	54	62	52
양봉	66	65	31
양부	67	50	83
양서	56	62	66
양송	2	5	28
양수	10	4	83
양습	73	40	73
양앙	68	72	38
양의	68	40	82
양임	70	78	53
양제	67	68	71
양조	70	65	68
양조	53	61	36
양추	67	64	58
양추	52	65	40
양호	90	64	84
양홍	18	15	76
양회	62	68	68
양흔	61	68	61
양흥	61	65	19
엄강	68	71	40
엄백호	67	70	23
엄안	79	83	69
엄여	61	78	44
엄정	50	55	39
엄준	13	2	70
여개	53	30	66
여거	70	59	71
여건	57	70	58
여광	56	70	13
여대	82	71	69
여몽	91	81	89
여범	73	63	74
여상	54	71	12
여영기	81	89	37
여위황	58	63	29
여포	87	100	26
염상	30	27	70
염우	52	61	58
염유	71	57	70
염포	29	25	82
염행	72	84	61
예형	3	6	83
오강	48	38	65
오거	49	61	23
오경	69	66	51
오국태	30	21	70
오란	62	80	35
오반	74	71	56
오언	74	72	77
오연	66	73	42
오의	83	73	68
오질	16	29	68
오찬	68	41	78
온회	62	36	73
올돌골	72	86	1
옹개	81	75	54
왕경	67	63	66
왕광	65	55	61
왕기	77	78	76
왕기	69	67	61
왕누	28	30	78
왕도	46	59	72
왕돈	60	66	46
왕랑	47	35	79
왕릉	74	64	70
왕문	65	64	31
왕보	62	41	79
왕상	23	19	68
왕수	54	27	76
왕숙	36	22	75
왕쌍	64	88	19
왕업	33	6	35
왕위	60	70	59
왕윤	26	6	67
왕융	57	36	72
왕이	58	26	82
왕준	81	73	77
왕찬	6	3	79
왕창	74	64	79
왕충	39	57	21
왕평	83	79	76
왕항	76	60	61
왕혼	76	76	72
요립	22	15	69
요화	73	76	64
우금	84	78	70
우금	72	79	38
우번	43	46	86
우보	38	60	21
우사	61	34	74
우전	64	76	40
원담	60	69	30
원상	63	71	42
원소	81	69	70
원술	44	65	61
원요	41	50	41
원유	56	40	73
원윤	17	14	39
원환	30	17	72
원희	66	51	63
위관	69	46	79
위막	57	62	59
위소	16	19	65
위속	67	78	31
위연	81	92	69
위유	46	29	73
위풍	52	23	72
유괴	71	73	66
유기	52	12	62
유대	53	65	32
유도	25	23	26
유략	71	66	59
유반	69	76	47
유벽	70	72	47
유복	64	49	73
유봉	75	79	44
유비	75	73	74
유선	8	21	36
유선	3	5	9
유섭	62	79	24
유소	71	53	74
유순	63	46	41
유승	45	65	33
유심	60	62	69
유씨	3	8	66
유언	53	38	80
유엽	36	32	92
유요	62	67	46
유우	55	33	69
유장	16	5	9
유종	24	22	64
유찬	78	75	64
유파	14	22	74
유평	70	71	68
유표	48	31	71
유현	54	66	51
유화	21	16	59
유훈	47	63	35
육개	65	61	78
육손	96	69	95
육적	20	7	71
육항	91	63	87
윤대목	4	9	33
윤묵	11	15	65
윤상	51	44	61
윤직	46	42	72
이각	69	72	24
이감	58	69	33
이부	31	36	74
이숙	46	69	59
이승	12	22	29
이엄	83	84	75
이유	61	26	93
이이	59	77	19
이적	29	24	80
이전	78	77	79
이통	73	81	57
이풍	55	48	67
이풍	69	74	50
이풍	25	35	67
이회	79	65	78
잠혼	1	1	33
장각	86	25	86
장간	9	6	65
장개	34	66	8
장굉	24	22	86
장구	69	72	44
장기	74	35	75
장남	70	69	37
장남	57	71	46
장노	51	26	73
장료	90	89	78
장막	52	53	70
장만성	73	81	45
장반	63	73	62
장보	83	71	81
장비	85	98	30
장빈	27	23	64
장서	55	76	35
장소	33	3	84
장소	8	12	31
장송	15	6	88
장수	80	73	60
장승	77	70	75
장양	78	80	68
장양	72	70	62
장억	79	72	74
장연	82	81	53
장영	75	74	41
장온	17	10	71
장완	78	34	84
장위	74	66	45
장윤	72	67	42
장의거	71	58	57
장익	75	74	71
장임	88	84	78
장제	67	43	80
장제	48	43	85
장제	70	66	52
장준	63	68	66
장집	31	29	70
장춘화	60	9	76
장특	73	54	75
장패	74	75	52
장포	75	87	48
장포	31	24	71
장합	90	89	69
장호	75	74	41
장화	36	27	78
장횡	59	70	23
장훈	72	68	41
장휴	53	27	74
장흠	78	84	51
저곡	55	51	66
저수	78	35	90
전기	49	69	61
전단	67	64	39
전만	51	73	39
전상	2	4	12
전속	47	60	55
전역	60	63	38
전예	80	72	80
전위	56	95	35
전의	61	68	44
전종	78	72	71
전주	66	66	72
전풍	72	29	93
전해	68	65	56
정무	56	35	75
정병	16	15	71
정보	84	79	79
정봉	81	80	71
정봉	66	66	53
정욱	70	49	90
정원	70	76	35
정원지	69	74	17
정은	69	73	40
정의	15	5	64
제갈각	72	47	90
제갈교	62	27	75
제갈균	29	25	51
제갈근	75	34	81
제갈량	92	38	100
제갈상	64	77	62
제갈서	41	40	29
제갈정	58	63	66
제갈첨	71	60	70
제갈탄	81	72	71
조광	67	71	53
조누	70	43	67
조모	54	61	59
조무	70	71	62
조방	5	3	27
조범	28	21	32
조비	70	71	83
조상	39	33	30
조성	54	74	38
조순	75	71	60
조식	18	22	81
조앙	74	67	66
조예	72	52	82
조우	50	43	37
조운	91	96	76
조웅	9	5	52
조인	89	86	56
조조	96	72	91
조진	87	74	68
조창	82	90	40
조충	31	21	85
조통	68	67	61
조표	54	69	32
조홍	79	81	44
조홍	66	72	28
조환	13	15	30
조훈	18	34	11
조휴	74	75	58
조희	30	26	50
종리목	77	72	73
종요	70	24	76
종육	32	12	71
종회	82	51	91
좌자	10	10	94
좌혁	62	66	51
주거	77	57	72
주령	71	73	67
주방	52	41	80
주앙	74	65	62
주연	79	69	71
주유	97	71	96
주이	70	68	60
주준	78	65	70
주지	65	85	41
주창	62	84	42
주치	71	56	72
주태	71	64	71
주태	76	91	48
주포	68	73	34
주환	84	82	73
주흔	65	62	72
진건	72	71	65
진교	61	27	76
진군	32	14	74
진궁	78	55	89
진규	15	4	82
진기	58	65	43
진도	76	71	63
진등	79	64	81
진란	66	69	40
진랑	58	70	35
진림	10	9	74
진무	74	87	43
진복	16	7	72
진수	12	22	60
진식	70	71	25
진응	62	72	45
진진	46	46	68
진태	84	73	86
진표	66	42	74
진횡	64	63	26
차주	49	49	40
착융	60	69	38
채모	77	70	77
채씨	8	7	69
채염	12	11	76
채중	40	54	2
채화	39	50	1
초선	10	26	81
초이	62	69	63
초주	3	3	66
초촉	65	72	33
최림	32	22	66
최염	18	55	70
추단	61	64	34
추씨	4	6	36
추정	70	64	66
축융	74	85	29
타사대왕	62	59	70
태사자	82	93	66
태사향	57	66	48
파재	71	74	52
포삼랑	72	83	56
포신	77	67	81
포융	58	76	49
풍습	72	71	39
하식	15	24	26
하안	6	30	71
하의	56	69	36
하제	83	78	72
하진	39	40	6
하후덕	69	73	32
하후돈	89	90	58
하후무	20	7	4
하후상	79	72	74
하후연	87	91	54
하후영녀	19	10	73
하후위	71	73	49
하후은	63	72	52
하후패	79	84	77
하후현	54	39	75
하후혜	50	44	75
하후화	48	51	70
학맹	62	67	42
학소	89	79	78
한거자	51	59	51
한당	76	85	56
한덕	63	76	25
한복	13	3	27
한섬	69	66	36
한수	89	70	77
한숭	25	15	70
한윤	26	29	64
한충	64	67	18
한현	22	33	7
한호	69	72	68
향랑	28	18	73
향총	76	61	76
허공	44	66	64
허소	16	11	74
허유	36	21	80
허의	51	74	15
허저	65	96	36
허정	3	5	67
형도영	61	80	41
호거아	26	82	41
호반	55	55	58
호분	71	76	50
호열	73	67	72
호제	57	39	68
호준	70	76	52
호진	65	74	12
호질	73	46	74
화만	69	82	32
화웅	81	92	56
화타	8	7	68
화핵	20	24	71
화흠	18	33	82
환계	10	26	67
환범	20	11	78
황개	79	83	65
황권	75	59	82
황보숭	87	61	73
황숭	67	63	72
황월영	51	31	88
황조	74	66	53
황충	86	93	60
황호	1	1	30
후선	63	66	34
후성	74	75	63
휴고	63	71	38
휴원진	52	68	45
희지재	23	7	88
